3238 4352 4626
3523 4251 4625
3525 4264 6545
3785 5484 5462
5466 7869 6495
3459 5496 5460
6490 9504 4906
3955 5494 9406
4969 4849 9546
4396 5936 4960
6439 9650 3603
6439 5693 4536
6346 6364 7275
3285 7549 4358
7438 6937 7543
5472 8932 7543
5496 7432 5429
6439 9386 8643
5279 7295 7582
5329 7426 4926
2957 7297 7542
6483 7932 8554
2559 8925 8025
5298 8920 7395
5702 5200 8540
9015 8656 9504
7493 5478 4837
5489 5734 8903
5739 7403 8094
5402 5843 5483
7205 5849 5438
8358 8438 4733
7583 5438 5439
7483 9803 7893
5749 7430 7903
7430 7903 9033
7503 7840 8303
7530 8026 7603
7034 7036 7640
7643 7036 7043
